1	32381592	1	0	14	383	972	A	CCTTT	TTATA
1	78432506	1	0	14	671	626	A	GGCTT	GCTAG
1	120053340	1	3	37	1021	545	T	TTTTC	GAGAC
1	151196702	1	3	9	574	341	T	GATTG	CCCCC
1	151196711	1	1	6	1023	804	C	TTTTT	TAGCA
1	161332091	1	3	14	245	639	T	ATTCC	GCTTT
1	162736821	1	0	11	842	707	A	TCAGG	GTAAT
1	200594041	1	3	8	16	41	T	AACAA	AAGGC
1	231094050	1	0	16	490	339	A	CTGGG	CCCAT
2	39536689	1	3	27	296	553	T	CAGGA	GAGGC
2	47635523	1	3	13	945	40	T	TGTAC	AAGGA
2	47641559	1	0	27	299	687	A	CAGGT	GGGTT
2	48032740	1	3	13	952	43	T	TGTGA	AAGGT
2	48033890	1	3	18	1	63	T	AAAAC	AATTT
2	95849361	1	3	23	860	738	T	TCCTA	GTGAG
2	120714401	1	3	16	709	144	T	GTACC	AGCAA
2	148683685	1	0	8	915	553	A	TGCAT	GAGGC
2	201778717	1	0	15	343	296	A	CCCCT	CAGGA
2	225422600	1	0	22	545	323	A	GAGAC	CCAAT
3	10076008	1	0	21	221	575	A	ATCTC	GATTT
3	69988437	1	3	14	318	200	T	CATTG	ATAGA
3	111873902	1	0	14	911	302	A	TGATT	CAGTG
3	140678384	1	0	15	299	1007	A	CAGGT	TTGTT
4	38134423	1	3	16	138	671	T	AGAGG	GGCTT
4	55598211	1	3	25	1016	544	T	TTTGA	GAGAA
5	7346866	1	3	5	68	484	T	ACACA	CTGCA
5	14485161	1	3	13	782	43	T	TAATG	AAGGT
5	52358761	1	0	13	555	769	A	GAGGT	TAAAC
6	51503597	1	0	18	989	274	A	TTCTC	CACAG
6	111329221	1	3	17	249	129	T	ATTGC	AGAAC
6	152740681	1	0	13	223	327	A	ATCTT	CCACT
7	6037057	1	0	1	30	977	A	AACTG	TTCAC
7	74167372	1	0	14	83	587	A	ACCAT	GCAGT
7	74608740	1	3	13	121	235	T	ACTGC	ATGGT
7	92900512	1	3	14	30	50	T	AACTG	AATAG
7	116381121	1	3	16	942	703	T	TGGTG	GGTTT
7	116409675	1	3	15	261	383	T	CAACC	CCTTT
8	7346866	1	3	9	725	698	T	GTCCC	GGTGG
8	7679727	1	0	9	325	673	A	CCACC	GGGAC
8	103287850	1	0	13	223	915	A	ATCTT	TGCAT
8	130874614	1	0	13	559	701	A	GAGTT	GGTTC
8	141754888	1	0	16	2	527	A	AAAAG	GAATT
9	102730697	1	3	14	992	74	T	TTGAA	ACAGG
10	43595836	1	3	14	56	727	T	AATGA	GTCCT
11	102193508	1	0	26	491	593	A	CTGGT	GCCAC
11	108114661	1	3	15	48	32	T	AATAA	AAGAA
11	108121410	1	3	15	821	167	T	TATCC	AGGCT
11	108141955	1	3	15	897	81	T	TGAAC	ACCAC
11	108188266	1	3	13	504	605	T	CTTGA	GCCTC
11	108195976	1	3	19	306	319	T	CATAG	CATTT
11	119144791	1	3	17	9	12	T	AAAGC	AAATA
11	120350636	1	3	8	206	341	T	ATATG	CCCCC
11	120350644	1	1	5	1023	863	C	TTTTT	TCCTT
11	125490765	1	3	21	520	51	T	GAAGA	AATAT
12	112893675	1	3	17	78	591	T	ACATG	GCATT
12	133237753	1	0	14	94	656	A	ACCTG	GGCAA
13	28133956	1	0	15	659	861	A	GGCAT	TCCTC
13	32905219	1	3	12	1016	555	T	TTTGA	GAGGT
13	32907535	1	3	11	493	704	T	CTGTC	GTAAA
13	48954159	1	3	13	125	15	T	ACTTC	AAATT
13	79216356	1	0	13	810	860	A	TAGGG	TCCTA
14	23652346	1	0	21	999	660	A	TTGCT	GGCCA
14	31191668	1	3	13	494	55	T	CTGTG	AATCT
15	91303325	1	3	12	33	349	T	AAGAC	CCCTC
16	14983091	1	0	9	559	339	A	GAGTT	CCCAT
17	29559061	1	3	26	448	290	T	CTAAA	CAGAG
17	56435160	1	1	7	168	607	C	AGGGA	GCCTT
18	45395845	1	0	18	127	740	A	ACTTT	GTGCA
18	48584855	1	3	16	668	690	T	GGCTA	GGTAG
18	59942586	1	3	13	286	503	T	CACTG	CTTCT
20	37146131	1	3	14	1005	43	T	TTGTC	AAGGT
